Version 0.9.7
6
 4 26 185 77 128 0 1
 5 80 400 206 81 2 2
 0 155 295 877 276 8 12
 0 157 20 877 276 554 25
 6 1097 26 449 130 1169 30
 1 1111 369 206 81 1204 31
 0
132
 16777088 5 182 452 182 452 182 452 182 413 182 413 182 413 0 12 0 12
 33023 5 208 452 208 452 208 452 208 413 208 413 208 413 0 12 0 12
 16512 5 221 452 221 452 221 452 221 413 221 413 221 413 0 12 0 12
 8388863 5 195 413 195 413 195 413 195 452 195 452 195 452 0 12 0 12
 0 5 87 298 87 298 87 543 87 543 208 543 208 543 0 1 0 12
 0 5 975 543 975 543 1075 543 1075 309 975 309 975 309 0 12 0 12
 0 5 962 309 962 309 1073 309 1073 268 977 268 977 268 0 12 0 25
 0 5 964 268 964 268 1072 268 1072 34 977 34 977 34 0 25 0 25
 255 5 87 199 87 199 87 47 87 47 210 47 210 47 0 1 0 25
 255 5 977 47 977 47 1062 47 1062 281 977 281 977 281 0 25 0 25
 255 5 964 281 964 281 1062 281 1062 322 975 322 975 322 0 25 0 12
 255 5 962 322 962 322 1064 322 1064 556 975 556 975 556 0 12 0 12
 0 5 351 504 351 504 351 504 351 543 351 543 351 543 0 12 0 12
 0 5 546 504 546 504 546 504 546 543 546 543 546 543 0 12 0 12
 0 5 663 504 663 504 663 504 663 543 663 543 663 543 0 12 0 12
 255 5 273 322 273 322 273 322 273 361 273 361 273 361 0 12 0 12
 255 5 468 361 468 361 468 361 468 322 468 322 468 322 0 12 0 12
 255 5 585 361 585 361 585 361 585 322 585 322 585 322 0 12 0 12
 8388863 5 195 361 195 361 195 334 286 334 286 361 286 361 0 12 0 12
 33023 5 208 361 208 361 208 340 312 340 312 361 312 361 0 12 0 12
 16512 5 221 361 221 361 221 347 338 347 338 361 338 361 0 12 0 12
 16512 5 221 504 221 504 221 517 325 517 325 504 325 504 0 12 0 12
 33023 5 208 504 208 504 208 523 299 523 299 504 299 504 0 12 0 12
 8388863 5 195 504 195 504 195 529 273 529 273 504 273 504 0 12 0 12
 8388863 5 195 400 195 400 195 427 481 427 481 400 481 400 0 12 0 12
 33023 5 208 400 208 400 208 418 494 418 494 400 494 400 0 12 0 12
 33023 5 325 361 325 361 325 340 533 340 533 361 533 361 0 12 0 12
 16512 5 221 465 221 465 221 448 481 448 481 465 481 465 0 12 0 12
 16512 5 338 504 338 504 338 521 520 521 520 504 520 504 0 12 0 12
 8388863 5 195 465 195 465 195 443 468 443 468 465 468 465 0 12 0 12
 8388863 5 468 504 468 504 468 514 507 514 507 504 507 504 0 12 0 12
 8388863 5 481 361 481 361 481 347 520 347 520 361 520 361 0 12 0 12
 8388863 5 299 361 299 361 299 354 598 354 598 361 598 361 0 12 0 12
 8388863 5 598 400 598 400 598 412 637 412 637 400 637 400 0 12 0 12
 33023 5 494 387 494 387 494 418 611 418 611 400 611 400 0 12 0 12
 16512 5 351 400 351 400 351 423 650 423 650 400 650 400 0 12 0 12
 0 5 832 504 832 504 832 504 832 543 832 543 832 543 0 12 0 12
 255 5 754 361 754 361 754 361 754 322 754 322 754 322 0 12 0 12
 33023 5 299 465 299 465 299 437 585 437 585 465 585 465 0 12 0 12
 33023 5 585 504 585 504 585 512 624 512 624 504 624 504 0 12 0 12
 16512 5 481 478 481 478 481 448 598 448 598 478 598 478 0 12 0 12
 16512 5 520 491 520 491 520 519 637 519 637 504 637 504 0 12 0 12
 33023 5 312 504 312 504 312 526 754 526 754 504 754 504 0 12 0 12
 33023 5 754 465 754 465 754 442 793 442 793 465 793 465 0 12 0 12
 16512 5 637 491 637 491 637 519 806 519 806 504 806 504 0 12 0 12
 16512 5 325 465 325 465 325 450 767 450 767 465 767 465 0 12 0 12
 16777088 5 182 361 182 361 156 361 156 240 184 240 184 229 0 12 0 25
 8388863 5 197 229 197 246 162 246 162 379 195 379 195 374 0 25 0 12
 33023 5 208 387 208 387 167 387 167 251 210 251 210 229 0 12 0 25
 16512 5 221 400 221 400 172 400 172 257 223 257 223 229 0 12 0 25
 255 5 379 47 379 47 379 47 379 86 379 86 379 86 0 25 0 25
 255 5 470 86 470 86 470 86 470 47 470 47 470 47 0 25 0 25
 255 5 561 47 561 47 561 47 561 86 561 86 561 86 0 25 0 25
 255 5 652 86 652 86 652 86 652 47 652 47 652 47 0 25 0 25
 255 5 743 86 743 86 743 86 743 47 743 47 743 47 0 25 0 25
 255 5 834 86 834 86 834 86 834 47 834 47 834 47 0 25 0 25
 255 5 925 86 925 86 925 86 925 47 925 47 925 47 0 25 0 25
 0 5 639 229 639 229 639 229 639 268 639 268 639 268 0 25 0 25
 0 5 730 229 730 229 730 229 730 268 730 268 730 268 0 25 0 25
 0 5 821 229 821 229 821 229 821 268 821 268 821 268 0 25 0 25
 0 5 912 229 912 229 912 229 912 268 912 268 912 268 0 25 0 25
 0 5 1003 229 1003 229 1003 267 951 267 951 268 951 268 0 25 0 25
 8421631 5 546 387 546 387 546 393 767 393 767 400 767 400 0 12 0 12
 8421631 5 221 478 221 478 221 471 780 471 780 400 780 400 0 12 0 12
 0 5 457 229 457 229 457 229 457 268 457 268 457 268 0 25 0 25
 0 5 548 229 548 229 548 229 548 268 548 268 548 268 0 25 0 25
 16744448 5 299 374 299 374 299 304 236 304 236 229 236 229 0 12 0 25
 16744448 5 325 374 325 374 325 298 249 298 249 229 249 229 0 12 0 25
 16744448 5 351 361 351 361 351 291 261 291 261 229 262 229 0 12 0 25
 32896 5 507 374 507 367 150 367 150 64 184 64 184 86 0 12 0 25
 32896 5 546 374 546 376 147 376 147 86 197 86 197 86 0 12 0 25
 32896 5 494 491 494 487 139 487 139 74 210 74 210 86 0 12 0 25
 32896 5 533 491 533 488 134 488 134 79 223 79 223 86 0 12 0 25
 12615808 5 624 361 624 361 119 361 119 61 236 61 236 86 0 12 0 25
 12615808 5 663 361 663 361 109 361 109 55 249 55 249 86 0 12 0 25
 4210688 5 611 491 611 491 275 491 275 491 275 229 275 229 0 12 0 25
 4210688 5 650 491 650 491 288 491 288 491 288 229 288 229 0 12 0 25
 8421376 5 780 491 780 491 301 491 301 491 301 229 301 229 0 12 0 25
 8421376 5 819 491 819 491 314 491 314 491 314 229 314 229 0 12 0 25
 8454143 5 184 177 184 177 184 162 379 162 379 190 379 190 0 25 0 25
 8454143 5 210 99 210 99 210 74 392 74 392 86 392 86 0 25 0 25
 8454143 5 249 99 249 99 249 69 405 69 405 86 405 86 0 25 0 25
 8454143 5 405 190 405 190 405 149 444 149 444 125 444 125 0 25 0 25
 8454143 5 418 125 418 125 418 125 431 125 431 125 431 125 0 25 0 25
 8454143 5 457 125 457 125 457 149 938 149 938 125 938 125 0 25 0 25
 255 5 964 47 964 47 1113 47 1113 47 1113 53 1113 53 0 25 0 30
 8454143 5 951 125 951 125 951 157 1134 157 1134 149 1134 149 0 25 0 30
 8454016 5 236 216 236 216 236 225 418 225 418 229 418 229 0 25 0 25
 8454016 5 314 216 314 216 314 250 431 250 431 229 431 229 0 25 0 25
 8454016 5 444 229 444 229 444 229 470 229 470 229 470 229 0 25 0 25
 8454016 5 496 229 496 229 496 240 925 240 925 229 925 229 0 25 0 25
 8454016 5 938 229 938 229 1147 229 1147 229 1147 149 1147 149 0 25 0 30
 12632256 5 197 190 197 190 197 168 483 168 483 125 483 125 0 25 0 25
 12632256 5 249 216 249 216 249 205 496 205 496 125 496 125 0 25 0 25
 12632256 5 509 125 509 125 509 125 522 125 522 125 522 125 0 25 0 25
 12632256 5 223 190 223 190 223 177 535 177 535 125 535 125 0 25 0 25
 12632256 5 548 125 548 125 548 153 964 153 964 125 964 125 0 25 0 25
 12632256 5 977 125 977 125 977 160 1160 160 1160 149 1160 149 0 25 0 30
 255 5 949 322 949 322 1126 322 1126 322 1126 380 1126 380 0 12 0 31
 0 5 962 543 962 543 1126 543 1126 543 1126 438 1126 438 0 12 0 31
 16777088 5 182 465 182 465 1099 465 1099 380 1167 380 1167 380 0 12 0 31
 8388863 5 195 478 195 478 1092 478 1092 369 1186 369 1186 380 0 12 0 31
 33023 5 208 491 208 499 1086 499 1086 361 1205 361 1205 380 0 12 0 31
 16512 5 221 491 221 491 1079 491 1079 354 1224 354 1224 380 0 12 0 31
 10485760 5 184 190 184 190 184 205 509 205 509 190 509 190 0 25 0 25
 10485760 5 249 112 256 112 256 170 522 170 522 190 522 190 0 25 0 25
 10485760 5 288 203 288 203 288 242 561 242 561 203 561 203 0 25 0 25
 10485760 5 236 99 236 99 229 99 229 163 574 163 574 229 0 25 0 25
 10485760 5 535 203 535 203 535 112 535 112 574 112 574 112 0 25 0 25
 10485760 5 587 190 587 190 587 190 587 125 587 125 587 125 0 25 0 25
 10485760 5 600 112 600 112 600 112 613 112 613 112 613 112 0 25 0 25
 10485760 5 793 387 793 387 793 290 620 290 620 125 626 125 0 12 0 25
 10485760 5 639 125 639 125 639 142 847 142 847 125 847 125 0 25 0 25
 10485760 5 860 125 860 125 860 164 1173 164 1173 149 1173 149 0 25 0 30
 8453888 5 249 125 249 125 249 158 600 158 600 190 600 190 0 25 0 25
 8453888 5 288 190 288 190 288 200 613 200 613 190 613 190 0 25 0 25
 8453888 5 626 190 626 190 626 176 834 176 834 190 834 190 0 25 0 25
 8453888 5 847 190 847 190 847 176 1186 176 1186 149 1186 149 0 25 0 30
 16776960 5 184 203 184 203 184 173 652 173 652 190 652 190 0 25 0 25
 16776960 5 197 99 197 99 197 150 665 150 665 190 665 190 0 25 0 25
 16776960 5 678 190 678 190 671 190 671 125 665 125 665 125 0 25 0 25
 16776960 5 223 99 223 99 223 105 678 105 678 112 678 112 0 25 0 25
 16776960 5 314 203 314 203 314 212 717 212 717 125 717 125 0 25 0 25
 16776960 5 704 112 704 112 704 112 691 112 691 112 691 112 0 25 0 25
 16776960 5 730 112 730 112 730 112 873 112 873 112 873 112 0 25 0 25
 16776960 5 886 112 886 112 886 182 1199 182 1199 149 1199 149 0 25 0 30
 16711935 5 691 125 691 125 691 125 691 190 691 190 691 190 0 25 0 25
 16711935 5 236 125 236 125 236 154 704 154 704 190 704 190 0 25 0 25
 16711935 5 717 203 717 203 860 203 860 203 860 190 860 190 0 25 0 25
 16711935 5 873 216 873 216 1212 216 1212 216 1212 149 1212 149 0 25 0 30
 8454143 5 210 177 210 177 392 177 392 177 392 190 392 190 0 25 0 25
 65408 5 275 190 275 190 483 190 483 190 483 229 483 229 0 25 0 25
11
 7004 1 14 267 413 5 0 2139931091 132 12
 7008 1 14 748 413 5 0 2139931091 132 12
 7008 1 14 462 413 5 0 2139931091 132 12
 7008 1 14 579 413 5 0 2139931091 132 12
 7004 1 14 919 138 5 0 2139931091 132 25
 7004 1 14 828 138 5 0 2139931091 132 25
 7032 1 14 737 138 5 0 2139931091 132 25
 7032 1 14 646 138 5 0 2139931091 132 25
 7032 1 14 464 138 5 0 2139931091 132 25
 7032 1 14 373 138 5 0 2139931091 132 25
 7032 1 14 555 138 5 0 2139931091 132 25
